Works only with the Unlock All Levels!

0020000 12CDE2BC
00000003 00000000
00020000 12CDE2C8
00000003 00000000
00020000 12CDE2D4
00000003 00000000
00020000 12CDE2E0
00000003 00000000
00020000 12CDE2EC
00000003 00000000
00020000 12CDE2F8
00000003 00000000
00020000 12CDE304
00000003 00000000
00020000 12CDE310
00000003 00000000
00020000 12CDE31C
00000003 00000000
00020000 12CDE328
00000003 00000000
00020000 12CDE334
00000003 00000000
00020000 12CDE340
00000003 00000000
00020000 12CDE34C
00000003 00000000
00020000 12CDE358
00000003 00000000
00020000 12CDE364
00000003 00000000
00020000 12CDE370
00000003 00000000
00020000 12CDE37C
00000003 00000000
00020000 12CDE388
00000003 00000000
00020000 12CDE394
00000003 00000000
00020000 12CDE3A0
00000003 00000000
00020000 12CDE3AC
00000003 00000000
00020000 12CDE3B8
00000003 00000000
00020000 12CDE3C4
00000003 00000000
00020000 12CDE3D0
00000003 00000000
00020000 12CDE3DC
00000003 00000000
00020000 12CDE3E8
00000003 00000000
00020000 12CDE3F4
00000003 00000000
00020000 12CDE400
00000003 00000000
00020000 12CDE40C
00000003 00000000
00020000 12CDE418
00000003 00000000
00020000 12CDE424
00000003 00000000
00020000 12CDE430
00000003 00000000
00020000 12CDE5E4
00000003 00000000
00020000 12CDE5E8
00000006 00000000
00020000 12CDE5EC
00000006 00000000
00020000 12CDE5F0
00000006 00000000
00020000 12CDE5F4
00000006 00000000
00020000 12CDE5F8
00000004 00000000
