00020000 12CDE2B8
00000001 00000000
00020000 12CDE2BC
00000002 00000000
00020000 12CDE2C4
00000002 00000000
00020000 12CDE2C8
00000002 00000000
00020000 12CDE2D0
00000003 00000000
00020000 12CDE2D4
00000002 00000000
00020000 12CDE2DC
00000065 00000000
00020000 12CDE2E0
00000002 00000000
00020000 12CDE2E8
00000004 00000000
00020000 12CDE2EC
00000002 00000000
00020000 12CDE2F4
00000005 00000000
00020000 12CDE2F8
00000002 00000000
00020000 12CDE300
00000006 00000000
00020000 12CDE304
00000002 00000000
00020000 12CDE30C
00000007 00000000
00020000 12CDE310
00000002 00000000
00020000 12CDE318
00000008 00000000
00020000 12CDE31C
00000002 00000000
00020000 12CDE324
00000009 00000000
00020000 12CDE328
00000002 00000000
00020000 12CDE330
00000066 00000000
00020000 12CDE334
00000002 00000000
00020000 12CDE33C
0000000A 00000000
00020000 12CDE340
00000002 00000000
00020000 12CDE348
0000000B 00000000
00020000 12CDE34C
00000002 00000000
00020000 12CDE354
0000000C 00000000
00020000 12CDE358
00000002 00000000
00020000 12CDE360
0000000D 00000000
00020000 12CDE364
00000002 00000000
00020000 12CDE36C
0000000E 00000000
00020000 12CDE370
00000002 00000000
00020000 12CDE378
0000000F 00000000
00020000 12CDE37C
00000002 00000000
00020000 12CDE384
00000067 00000000
00020000 12CDE388
00000002 00000000
00020000 12CDE390
00000010 00000000
00020000 12CDE394
00000002 00000000
00020000 12CDE39C
00000011 00000000
00020000 12CDE3A0
00000002 00000000
00020000 12CDE3A8
00000012 00000000
00020000 12CDE3AC
00000002 00000000
00020000 12CDE3B4
00000013 00000000
00020000 12CDE3B8
00000002 00000000
00020000 12CDE3C0
00000014 00000000
00020000 12CDE3C4
00000002 00000000
00020000 12CDE3CC
00000015 00000000
00020000 12CDE3D0
00000002 00000000
00020000 12CDE3D8
00000068 00000000
00020000 12CDE3DC
00000002 00000000
00020000 12CDE3E4
00000016 00000000
00020000 12CDE3E8
00000002 00000000
00020000 12CDE3F0
00000017 00000000
00020000 12CDE3F4
00000002 00000000
00020000 12CDE3FC
00000018 00000000
00020000 12CDE400
00000002 00000000
00020000 12CDE408
00000019 00000000
00020000 12CDE40C
00000002 00000000
00020000 12CDE414
0000001A 00000000
00020000 12CDE418
00000002 00000000
00020000 12CDE420
0000001B 00000000
00020000 12CDE424
00000002 00000000
00020000 12CDE42C
00000015 00000000
00020000 12CDE430
00000002 00000000
