Only works once the unlock all levels is executed!

00020000 12CDE2C0
00000001 00000000
00020000 12CDE2CC
00000001 00000000
00020000 12CDE2D8
00000001 00000000
00020000 12CDE2E4
00000001 00000000
00020000 12CDE2F0
00000001 00000000
00020000 12CDE2FC
00000001 00000000
00020000 12CDE308
00000001 00000000
00020000 12CDE314
00000001 00000000
00020000 12CDE320
00000001 00000000
00020000 12CDE32C
00000001 00000000
00020000 12CDE338
00000001 00000000
00020000 12CDE344
00000001 00000000
00020000 12CDE350
00000001 00000000
00020000 12CDE35C
00000001 00000000
00020000 12CDE368
00000001 00000000
00020000 12CDE374
00000001 00000000
00020000 12CDE380
00000001 00000000
00020000 12CDE38C
00000001 00000000
00020000 12CDE398
00000001 00000000
00020000 12CDE3A4
00000001 00000000
00020000 12CDE3B0
00000001 00000000
00020000 12CDE3BC
00000001 00000000
00020000 12CDE3C8
00000001 00000000
00020000 12CDE3D4
00000001 00000000
00020000 12CDE3E0
00000001 00000000
00020000 12CDE3EC
00000001 00000000
00020000 12CDE3F8
00000001 00000000
00020000 12CDE404
00000001 00000000
00020000 12CDE410
00000001 00000000
00020000 12CDE41C
00000001 00000000
00020000 12CDE428
00000001 00000000
00020000 12CDE434
00000001 00000000
